840 456
1 12 12 8 20
2 828 12 8 20
3 828 444 8 20
4 12 444 8 20
F 420 228 10 14
W 420 12 24 21
W 420 36 24 21
W 420 420 24 21
W 420 444 24 21
W 12 228 24 21
W 36 228 24 21
W 60 228 24 21
W 756 228 24 21
W 780 228 24 21
W 804 228 24 21
W 828 228 24 21
W 108 84 24 21
W 108 108 24 21
W 108 132 24 21
W 108 156 24 21
W 84 228 24 21
W 108 228 24 21
W 108 300 24 21
W 108 324 24 21
W 108 348 24 21
W 108 372 24 21
W 108 396 24 21
W 132 396 24 21
W 156 396 24 21
W 180 396 24 21
W 204 396 24 21
W 228 396 24 21
W 252 396 24 21
W 276 396 24 21
W 300 396 24 21
W 324 396 24 21
W 420 396 24 21
W 492 396 24 21
W 516 396 24 21
W 540 396 24 21
W 564 396 24 21
W 588 396 24 21
W 612 396 24 21
W 636 396 24 21
W 660 396 24 21
W 684 396 24 21
W 708 396 24 21
W 732 396 24 21
W 732 372 24 21
W 732 348 24 21
W 732 324 24 21
W 732 300 24 21
W 732 228 24 21
W 732 156 24 21
W 732 132 24 21
W 732 108 24 21
W 732 84 24 21
W 732 60 24 21
W 708 60 24 21
W 684 60 24 21
W 660 60 24 21
W 636 60 24 21
W 612 60 24 21
W 588 60 24 21
W 564 60 24 21
W 540 60 24 21
W 516 60 24 21
W 420 60 24 21
W 348 60 24 21
W 324 60 24 21
W 300 60 24 21
W 276 60 24 21
W 252 60 24 21
W 228 60 24 21
W 204 60 24 21
W 180 60 24 21
W 156 60 24 21
W 132 60 24 21
W 108 60 24 21
W 348 396 24 21
W 492 60 24 21
W 132 228 24 21
W 156 228 24 21
W 180 228 24 21
W 204 228 24 21
W 708 228 24 21
W 684 228 24 21
W 660 228 24 21
W 636 228 24 21
W 636 204 24 21
W 636 180 24 21
W 636 156 24 21
W 204 204 24 21
W 204 180 24 21
W 204 156 24 21
W 204 252 24 21
W 204 276 24 21
W 204 300 24 21
W 636 252 24 21
W 636 276 24 21
W 636 300 24 21
